1 91 88 10 34 46
10 61 91 96 34 12
18 18 81 92 66 52
19 64 97 44 84 72
23 47 85 94 92 96
34 98 37 68 94 82
38 36 70 38 98 74
60 53 14 34 94 40
69 33 74 54 28 38
76 55 72 20 42 16
81 21 41 62 96 48
96 94 53 88 22 60
100 89 42 74 76 66
101 39 20 24 94 88
110 30 20 22 82 60
117 10 68 28 38 24
129 30 45 20 86 82
130 27 85 52 88 52
142 11 26 28 58 36
146 87 74 58 68 36
150 75 18 84 100 94
151 73 99 84 38 14
187 60 87 36 40 36
197 61 92 78 46 54
206 91 25 44 56 48
230 27 24 14 54 80
237 63 93 94 90 98
239 28 77 68 66 88
242 82 67 40 94 88
244 47 32 80 80 82
252 28 29 44 18 56
259 15 53 88 66 92
270 57 94 60 80 20
274 15 48 56 98 44
284 26 66 38 46 22
288 59 58 26 86 16
295 100 87 76 54 66
300 61 92 46 36 78
302 25 14 40 58 40
307 10 62 74 68 26
336 25 91 82 66 240
339 68 13 42 88 62
346 76 18 56 88 48
352 52 67 40 100 78
364 72 86 44 10 50
377 17 15 82 78 52
400 15 50 14 46 40
404 73 99 26 48 46
414 94 51 88 46 14
424 22 94 36 32 48
435 23 72 48 52 72
436 31 53 64 40 100
453 42 60 14 36 20
455 100 25 74 80 30
457 24 21 78 60 78
464 74 87 88 42 86
469 38 48 36 52 38
471 18 65 42 62 22
476 28 35 14 40 76
482 52 57 86 82 46
495 48 15 96 18 50
504 20 72 36 60 26
505 61 73 38 20 90
510 50 83 60 18 14
521 33 53 18 94 48
549 93 49 88 90 44
567 68 92 10 72 20
569 77 51 10 68 20
571 40 95 66 12 16
576 27 84 64 16 12
589 85 78 32 10 22
594 29 67 46 64 98
597 57 19 58 66 40
607 32 66 64 78 88
642 69 12 48 92 68
647 66 43 56 88 16
649 10 99 10 14 24
652 91 40 88 32 42
657 37 27 56 26 70
675 66 96 10 10 32
684 61 91 60 82 14
690 61 15 14 74 76
708 14 28 34 86 18
714 19 36 94 24 32
717 36 19 64 30 20
734 10 64 60 42 82
735 31 99 74 28 96
740 39 82 86 50 56
743 95 80 60 64 92
746 22 37 90 16 54
770 13 77 28 64 62
771 87 29 12 24 32
790 98 60 94 24 16
797 56 85 64 54 58
809 14 87 84 12 12
822 60 18 96 10 98
826 32 74 92 76 34
827 31 75 54 12 34
832 44 35 92 72 14
851 35 81 96 34 64
854 79 89 18 88 62
901 69 78 52 68 16
908 70 19 44 44 90
909 94 23 22 10 78
921 12 97 80 64 80
925 55 73 94 34 14
931 20 94 42 14 56
935 96 58 30 26 36
939 23 91 10 84 66
955 47 69 48 84 26
957 49 65 98 12 18
961 74 76 38 80 54
963 50 70 16 72 64
976 34 29 70 70 40
991 74 28 28 36 42
1002 59 18 94 20 22
1013 71 72 64 32 26
1034 58 71 56 32 56
1037 19 39 16 100 70
1042 86 10 78 98 34
1052 97 93 62 58 88
1059 84 63 84 12 88
1060 47 30 60 34 38
1062 34 73 88 54 34
1064 75 50 52 36 44
1068 69 90 54 22 38
1075 76 26 82 52 70
1086 18 91 96 16 12
1088 41 14 26 12 20
1091 44 48 10 90 88
1100 80 22 24 36 28
1122 78 82 28 74 32
1126 20 16 66 34 94
1128 53 100 60 18 28
1132 38 88 100 62 40
1148 44 79 20 16 10
1156 50 58 96 10 42
1177 46 54 84 66 44
1184 98 10 72 50 48
1193 21 45 24 94 24
1197 51 48 20 42 40
1209 33 29 80 14 44
1215 30 86 10 70 88
1216 46 45 28 48 26
1217 86 81 46 10 86
1218 16 32 30 30 58
1249 28 38 74 54 60
1266 32 55 92 60 48
1269 49 87 96 98 36
1278 54 76 14 78 80
1279 12 58 38 74 38
1282 46 70 38 14 20
1284 27 32 18 44 48
1287 24 31 76 54 62
1288 87 85 18 16 62
1293 85 84 86 100 42
1310 57 52 68 54 20
1317 33 84 84 72 88
1319 34 61 42 78 62
1322 95 78 96 100 48
1330 63 11 74 100 58
1348 28 27 18 66 86
1360 62 84 98 100 98
1367 59 14 58 26 34
1369 10 99 66 30 56
1376 18 14 40 94 94
1377 75 89 24 38 68
1379 56 72 66 60 72
1380 62 65 80 28 10
1383 66 64 88 44 88
1385 17 78 30 90 68
1391 96 66 30 46 38
1400 17 84 42 58 92
1406 77 29 50 36 72
1407 88 47 10 96 24
1411 55 57 90 22 74
1416 16 57 68 36 34
1422 77 36 100 68 12
1428 17 15 24 100 66
1429 18 87 44 62 58
1437 64 17 16 70 78
1446 62 47 90 48 16
1452 49 72 28 30 24
1472 48 67 12 96 30
1474 15 92 40 66 56
1482 95 68 68 24 94
1483 87 36 24 28 64
1489 38 19 14 86 22
1500 68 64 98 92 22
1511 53 95 66 94 94
1525 42 61 48 58 62
1530 45 16 40 36 52
1535 52 73 48 16 62
1549 10 90 100 12 26
1554 42 40 84 48 20
1568 19 81 58 82 12
1572 92 41 14 92 36
1574 100 38 30 80 40
1580 98 21 96 58 30
1588 73 83 42 74 66
1591 60 28 48 70 20
1593 16 16 96 84 10
1605 51 41 54 82 20
1610 89 10 72 44 76
1622 67 50 94 90 78
1624 78 72 94 50 66
1629 14 95 76 74 82
1644 28 38 16 54 52
1650 37 68 62 74 48
1659 61 79 66 36 32
1663 99 52 52 48 42
1680 53 73 18 28 16
1691 87 18 30 52 14
1709 48 33 46 88 14
1718 93 75 22 24 14
1734 100 43 68 70 48
1738 85 52 78 18 12
1748 77 59 24 24 60
1756 81 67 58 36 42
1760 75 47 70 34 72
1783 81 29 74 68 68
1786 36 81 40 78 74
1794 21 60 84 18 48
1796 63 79 54 88 50
1808 20 45 74 56 28
1811 95 35 92 18 84
1819 32 12 50 22 40
1823 19 24 44 32 14
1832 25 86 50 36 26
1839 93 48 62 80 58
1841 85 66 14 70 84
1842 87 18 72 48 70
1854 27 77 46 36 88
1874 54 71 20 98 48
1880 72 26 82 78 76
1899 65 25 100 74 14
1911 16 60 46 20 16
1924 20 20 82 14 14
1936 21 87 86 16 82
1943 77 25 36 66 36
1944 56 62 12 84 76
1951 86 41 68 36 16
1959 91 29 20 94 72
2001 67 92 60 92 28
2006 48 30 36 30 86
2009 31 45 90 50 90
2011 23 70 28 30 12
2018 11 22 44 24 30
2019 24 93 74 72 96
2023 41 35 46 88 96
2024 20 40 98 80 22
2025 42 52 16 92 46
2030 83 12 78 12 64
2043 17 58 40 24 58
2048 64 62 48 42 94
2051 59 67 52 22 64
2085 90 12 16 38 44
2091 15 24 98 96 24
2093 62 66 68 56 88
2094 98 33 60 36 34
2103 29 38 94 88 100
2104 80 30 40 34 14
2137 63 44 92 62 48
2139 71 58 26 58 54
2156 51 88 42 86 30
2165 48 83 56 12 52
2178 98 85 56 40 68
2180 20 34 76 32 50
2192 39 31 34 96 12
2194 19 38 70 54 16
2204 47 23 18 16 20
2212 37 89 14 28 40
2221 25 60 22 52 48
2222 24 95 24 78 86
2238 88 27 96 70 56
2243 22 17 26 14 18
2251 17 69 88 90 28
2252 67 75 42 98 10
2265 64 28 44 18 46
2266 66 82 30 70 38
2267 98 29 48 36 38
2276 32 26 88 50 22
2277 83 79 36 68 92
2280 72 68 54 64 76
2281 62 26 36 24 70
2287 75 82 26 82 80
2298 53 99 82 42 24
2325 13 100 100 34 42
2337 74 65 20 72 82
2338 18 28 30 70 64
2340 63 99 88 48 34
2357 56 55 86 86 60
2383 61 10 18 24 98
2389 92 92 60 94 38
2403 25 78 24 16 66
2406 69 52 66 52 36
2408 67 92 50 92 90
2426 93 94 76 84 58
2436 57 20 36 66 66
2441 44 53 38 92 98
2448 97 61 38 14 16
2460 49 73 94 28 34
2490 82 21 14 64 24
2494 53 77 26 84 70
2495 14 60 50 54 52
2499 83 71 22 20 98
2504 32 90 40 74 14
2510 64 22 72 78 18
2532 16 69 68 20 98
2551 75 46 74 60 58
2571 12 76 14 80 30
2584 84 20 10 36 88
2585 74 15 38 90 46
2586 93 84 38 32 94
2594 16 42 52 70 48
2597 15 21 24 18 100
2601 59 78 52 54 62
2603 86 91 46 90 56
2607 74 31 86 16 36
2608 42 78 100 90 14
2614 89 80 86 80 30
2617 41 93 72 80 18
2618 10 51 20 56 36
2625 27 72 50 32 78
2628 99 32 56 18 32
2633 66 78 28 42 50
2636 86 34 66 60 12
2638 76 16 92 24 74
2649 97 28 30 52 22
2658 53 15 70 28 54
2665 78 54 64 96 24
2669 10 13 12 74 36
2674 63 35 40 40 12
2678 53 75 26 48 96
2680 14 79 32 80 58
2688 12 26 10 42 48
2702 46 23 72 12 38
2704 76 15 80 76 48
2705 98 75 70 68 64
2749 53 10 78 40 62
2756 21 83 50 82 68
2760 13 76 30 100 82
2772 81 57 52 100 92
2787 47 63 86 62 78
2796 32 45 50 16 30
2807 97 12 76 74 46
2808 84 98 40 34 96
2813 32 68 24 50 12
2848 58 21 42 78 96
2853 36 55 16 38 96
2860 36 66 98 38 28
2864 52 33 26 84 18
2877 15 74 74 94 48
2884 65 45 70 68 68
2890 30 43 32 76 78
2899 83 93 26 20 20
2900 86 21 24 90 50
2911 85 29 42 62 20
2923 76 48 44 34 88
2924 51 93 72 42 20
2926 97 65 98 32 64
2931 33 21 58 80 20
2953 34 29 10 90 82
2957 15 27 66 58 34
2965 89 85 44 56 28
2983 56 98 26 42 80
2985 32 69 88 82 42
3020 57 98 100 72 66
3029 51 24 26 12 100
3041 77 74 40 62 86
3044 32 44 62 72 48
3052 49 16 60 18 34
3053 24 26 74 68 14
3057 48 87 58 38 86
3058 78 21 40 78 86
3066 34 85 72 40 40
3078 67 43 64 86 78
3079 61 100 98 32 30
3082 41 61 20 48 96
3093 64 29 42 82 74
3103 39 10 56 50 26
3114 37 65 34 86 22
3124 93 42 50 84 26
3126 82 24 22 68 32
3139 78 63 92 66 40
3147 83 61 16 16 44
3158 79 34 14 16 52
3171 49 57 96 66 18
3173 94 57 76 90 92
3177 11 96 14 58 32
3182 10 54 48 82 74
3187 41 42 74 68 50
3188 94 63 40 10 54
3196 23 60 66 56 16
3207 33 12 14 50 52
3208 30 80 60 36 44
3212 52 52 24 38 28
3213 71 46 56 28 30
3225 68 34 38 62 26
3234 25 42 18 84 50
3242 30 32 28 68 98
3248 17 27 58 24 82
3252 66 75 84 72 24
3258 90 24 94 46 58
3261 82 90 84 64 60
3265 28 21 76 22 24
3275 81 72 18 84 16
3276 70 57 100 62 24
3278 35 100 22 16 22
3279 48 14 18 64 94
3294 59 78 60 72 12
3299 96 59 22 88 14
3319 38 79 96 38 52
3329 66 58 90 18 40
3334 38 43 44 14 74
3360 71 50 80 66 90
3361 23 30 76 34 44
3363 40 68 32 14 88
3376 89 49 30 52 90
3386 79 60 28 74 46
3388 92 35 92 96 50
3391 29 59 16 58 70
3400 65 45 30 68 12
3424 46 100 64 96 30
3452 94 34 76 96 26
3480 78 21 88 10 16
3488 85 24 56 90 38
3495 39 49 94 70 14
3496 81 16 64 70 38
3498 25 81 90 20 84
3501 93 73 76 86 26
3518 58 80 12 34 86
3522 35 24 26 96 82
3528 21 91 52 72 76
3537 73 21 56 60 42
3538 39 10 96 48 100
3548 52 56 10 98 50
3559 52 55 90 60 24
3562 92 16 12 80 92
3565 80 48 62 84 98
3566 89 47 78 86 40
3582 47 96 64 36 96
3588 48 60 54 70 42
3590 64 87 100 20 36
3593 44 42 56 50 86
3607 78 98 94 98 34
3611 93 31 36 64 14
3612 24 84 76 98 98
3614 65 83 48 56 18
3627 69 90 16 74 42
3645 38 44 64 20 72
3659 97 66 98 76 42
3663 83 44 14 24 78
3666 36 60 26 14 46
3685 40 97 58 56 34
3694 68 70 26 16 90
3703 76 58 80 58 62
3704 31 60 96 72 100
3709 95 91 60 24 28
3712 33 67 50 66 80
3724 79 18 58 18 90
3732 57 18 30 58 28
3733 78 92 12 48 12
3739 34 54 34 28 36
3743 39 78 88 72 72
3744 23 92 42 46 56
3747 98 51 24 54 56
3760 66 73 70 94 42
3762 28 88 40 24 64
3771 22 60 54 72 44
3774 77 100 84 96 34
3781 17 67 76 46 56
3791 95 15 44 76 56
3795 100 42 100 58 44
3807 94 40 60 98 18
3828 20 50 90 50 62
3837 21 54 12 68 54
3842 67 60 30 90 82
3847 83 54 24 14 34
3858 12 30 82 50 40
3876 37 21 32 14 48
3880 41 61 34 14 64
3886 30 40 48 96 62
3888 47 23 32 28 72
3889 71 46 98 46 44
3896 47 21 62 54 68
3907 31 86 84 32 54
3908 80 79 56 38 94
3911 67 70 84 22 10
3915 30 27 62 26 32
3928 60 47 52 66 28
3932 16 23 86 18 62
3941 20 13 34 86 88
3942 31 23 76 26 42
3957 97 59 42 56 34
3958 31 67 92 26 44
3964 12 83 94 82 48
3966 97 31 76 22 10
3979 85 96 98 16 24
3997 34 91 74 92 64
4017 15 20 36 52 44
4018 72 23 50 40 50
4019 39 16 58 28 32
4026 27 18 24 92 84
4039 62 59 86 44 44
4040 30 89 76 98 32
4064 75 72 42 44 58
4070 45 40 70 92 34
4077 43 38 44 12 14
4093 46 67 60 12 54
4095 46 85 36 44 70
4126 46 38 90 18 74
4128 86 44 78 38 38
4130 30 94 12 76 74
4142 76 46 78 18 16
4145 71 66 82 100 82
4149 46 42 96 90 14
4152 39 46 32 30 96
4157 88 26 88 66 18
4167 16 96 86 12 44
4168 52 84 42 84 28
4169 71 69 36 38 40
4172 48 73 20 60 10
4183 75 45 64 80 84
4187 96 42 50 72 14
4191 39 65 66 70 78
4194 13 36 18 80 28
4205 77 36 84 74 100
4219 46 60 20 92 28
4221 11 59 70 90 98
4227 31 24 56 68 24
4230 91 91 30 88 66
4231 21 20 32 62 100
4246 17 21 84 42 16
4250 64 42 92 74 32
4253 22 16 44 64 100
4258 91 20 46 32 72
4277 18 51 10 18 68
4293 98 27 100 76 60
4294 93 92 42 10 60
4299 73 72 18 76 38
4301 43 62 56 78 28
4323 96 66 20 16 58
4333 57 58 16 26 28
4342 23 48 18 36 44
4348 77 47 26 46 34
4353 16 33 80 56 38
4355 61 67 74 62 64
4361 83 51 56 24 62
4371 44 61 34 48 76
4374 73 43 56 40 32
4402 73 66 96 44 80
4411 64 45 22 50 98
4420 51 77 70 74 56
4424 29 47 90 72 70
4427 73 43 28 34 40
4439 59 83 64 90 64
4447 37 29 16 84 58
4464 42 19 56 54 98
4467 86 37 38 76 36
4469 14 53 36 26 38
4481 78 13 70 14 56
4483 51 96 84 50 90
4487 63 37 54 62 24
4494 80 16 92 54 54
4502 21 31 90 76 22
4514 68 18 72 82 10
4519 55 73 26 38 48
4524 14 16 52 70 22
4533 98 86 46 96 32
4534 69 67 78 28 72
4539 21 41 84 56 20
4575 63 59 32 40 58
4603 74 34 74 16 90
4613 67 74 46 86 36
4618 78 39 26 16 88
4628 25 53 80 38 84
4638 72 89 46 32 36
4653 92 22 54 22 16
4658 76 64 20 64 26
4685 69 57 96 54 34
4708 59 17 80 12 68
4709 32 71 36 16 22
4711 28 77 30 98 34
4714 81 20 86 76 56
4718 80 46 40 92 44
4723 42 66 68 22 84
4752 39 57 40 98 62
4753 22 44 30 86 94
4767 61 23 48 64 78
4778 11 46 54 28 18
4789 66 71 36 56 58
4790 11 64 70 46 36
4809 100 70 50 84 100
4810 100 73 38 60 72
4831 36 98 10 12 12
4834 29 42 18 70 24
4837 67 67 32 60 18
4873 17 24 16 44 48
4895 22 83 46 28 90
4905 65 52 76 38 82
4913 68 89 54 48 12
4917 53 56 12 60 22
4919 20 39 54 82 100
4920 92 16 92 100 68
4924 38 84 94 32 18
4930 91 69 78 86 26
4950 22 23 66 80 44
4963 62 68 56 38 74
4965 82 19 88 36 78
4977 42 62 60 50 58
4984 26 47 20 44 38
4989 32 64 60 98 52
4996 78 68 12 24 32
5013 15 32 56 94 10
5022 82 90 20 56 76
5025 99 14 62 18 72
5027 83 46 26 60 58
5031 81 48 76 70 100
5041 46 91 34 18 88
5043 12 96 20 74 56
5047 45 68 96 62 100
5062 72 88 90 24 100
5066 39 87 36 44 16
5069 64 60 74 10 14
5072 26 10 42 74 70
5078 51 29 12 86 32
5081 27 38 40 28 82
5084 30 89 44 82 64
5099 15 95 14 70 78
5108 12 52 64 88 82
5116 54 19 56 42 76
5126 10 72 84 36 34
5128 70 26 88 86 64
5130 56 30 48 86 52
5137 70 39 58 62 82
5156 18 67 100 90 30
5161 78 53 16 26 56
5164 39 13 62 84 52
5167 13 83 44 22 64
5176 82 86 74 52 54
5191 16 81 48 42 34
5210 54 63 56 14 52
5228 95 26 70 42 82
5243 96 73 52 64 72
5245 40 14 46 66 30
5268 49 73 64 42 42
5274 82 71 88 80 52
5280 30 57 98 14 68
5289 20 45 44 18 70
5296 82 39 10 40 30
5299 22 65 92 26 28
5338 81 52 74 34 46
5345 61 87 88 32 58
5356 51 96 52 44 84
5362 35 45 86 28 66
5372 59 20 68 62 88
5378 39 51 44 54 72
5382 73 65 78 96 34
5383 100 63 84 96 10
5395 98 79 64 92 62
5397 69 97 98 92 74
5406 56 65 22 62 20
5420 55 35 76 98 96
5421 12 77 64 12 96
5422 96 39 66 82 48
5438 47 42 78 34 52
5453 32 75 16 60 98
5455 78 93 22 42 64
5466 38 26 78 82 90
5480 86 39 42 18 44
5482 78 40 52 18 64
5494 42 47 94 40 12
5502 24 74 18 18 28
5510 74 50 70 56 68
5516 38 37 76 50 16
5530 68 42 98 34 44
5550 61 75 22 80 82
5557 68 29 58 74 34
5575 28 49 54 42 16
5581 61 48 82 72 36
5590 19 86 84 16 10
5591 67 37 20 72 64
5592 72 42 38 28 22
5596 95 77 66 60 86
5625 84 13 18 30 88
5628 42 31 52 18 72
5637 55 16 72 70 80
5638 60 45 18 20 44
5641 66 99 34 24 42
5652 23 26 52 66 98
5660 81 17 10 100 90
5669 21 78 10 16 84
5679 79 86 14 42 42
5682 98 98 50 28 16
5689 17 40 56 62 12
5710 38 10 26 84 88
5713 13 56 66 78 38
5741 37 39 78 74 54
5747 86 93 58 82 74
5750 92 97 98 28 46
5763 76 88 90 30 22
5766 57 27 66 90 94
5771 89 98 88 94 12
5773 75 69 70 90 68
5782 88 76 70 30 12
5792 80 21 72 10 80
5806 35 25 14 32 32
5817 50 86 44 34 64
5819 73 72 14 20 54
5820 59 82 88 32 12
5822 94 51 44 84 74
5850 52 64 16 68 24
5853 56 84 28 70 32
5868 37 38 44 98 94
5882 93 37 40 98 12
5894 50 59 36 28 56
5897 80 64 10 42 32
5902 34 15 64 80 72
5905 93 78 18 98 12
5915 87 76 72 88 94
5924 98 62 38 50 88
5929 47 96 16 46 46
5938 31 19 66 16 72
5948 12 11 32 70 88
5955 40 37 10 40 76
5959 42 58 88 28 10
5967 76 91 86 34 72
5968 74 12 62 74 72
5970 42 56 80 42 96
5973 50 61 32 54 58
5988 29 50 82 36 10
5993 84 82 98 84 70
5999 78 75 22 28 98
6016 18 41 10 82 46
6018 68 45 10 52 70
6029 36 17 54 66 22
6045 72 78 10 52 58
6073 62 73 10 84 64
6085 10 71 56 12 38
6092 100 59 50 18 20
6100 14 68 22 24 96
6109 52 95 68 88 58
6121 15 99 34 52 72
6123 51 82 50 60 10
6136 76 29 60 60 68
6156 72 22 52 32 34
6159 85 18 92 26 36
6173 77 78 64 88 12
6177 21 87 94 46 60
6187 10 31 44 12 16
6196 27 74 74 98 42
6197 23 13 16 58 86
6204 76 96 62 64 60
6208 37 63 100 62 58
6225 10 85 98 44 92
6226 37 30 36 16 22
6250 91 87 34 92 16
6255 62 54 62 56 84
6261 50 35 64 44 74
6263 88 82 76 36 74
6288 38 39 32 30 60
6291 55 36 86 54 26
6294 12 43 14 38 64
6296 90 64 30 44 42
6304 44 74 84 90 90
6306 98 46 100 54 86
6315 64 88 80 48 70
6316 36 47 22 34 44
6321 69 49 100 76 52
6345 64 85 56 36 76
6354 96 86 84 84 100
6364 42 31 16 62 52
6366 45 30 34 20 54
6381 71 79 94 58 50
6390 93 43 70 70 88
6399 51 93 64 86 72
6406 35 49 58 84 50
6418 78 94 46 22 58
6419 55 25 80 84 96
6421 67 82 60 48 30
6423 94 62 76 34 60
6427 71 87 84 40 62
6428 23 39 68 100 38
6434 48 27 84 50 100
6439 43 69 18 84 64
6443 41 48 84 14 52
6445 40 13 32 10 70
6450 91 24 28 50 82
6454 96 71 28 76 94
6457 47 36 88 58 74
6469 84 29 12 34 40
6480 32 27 50 66 24
6482 71 26 92 10 70
6487 42 47 44 96 44
6492 84 47 24 96 36
6510 34 74 38 42 74
6516 37 95 22 30 38
6517 95 51 40 72 54
6529 71 57 38 14 50
6533 97 62 12 28 22
6538 42 33 58 100 56
6545 43 50 12 74 32
6552 47 56 100 52 60
6553 39 12 86 26 42
6554 45 55 28 60 50
6557 52 87 34 48 64
6560 90 15 62 94 22
6582 36 76 24 54 28
6587 64 76 66 52 22
6590 58 53 66 52 94
6597 90 17 46 60 50
6599 30 52 50 44 46
6600 67 53 74 12 10
6605 37 71 22 98 28
6608 36 59 38 64 22
6613 79 85 86 80 14
6619 73 28 82 88 12
6624 90 57 32 30 36
6639 69 42 80 80 72
6649 86 97 32 14 34
6652 12 73 56 16 18
6660 87 21 68 82 40
6665 16 13 86 18 98
6669 59 77 46 28 88
6675 41 61 40 68 40
6700 94 79 32 36 60
6701 73 83 66 44 86
6707 23 42 68 84 30
6711 52 32 20 76 74
6722 37 68 56 62 48
6728 62 26 78 50 100
6734 14 22 98 80 68
6735 66 61 96 24 100
6739 52 38 70 94 20
6749 74 59 64 34 62
6751 50 95 18 90 92
6752 24 27 52 62 14
6770 61 23 44 88 36
6781 75 74 34 24 92
6795 68 31 44 72 26
6800 28 82 100 92 40
6812 42 90 22 52 54
6813 32 93 10 68 92
6815 37 12 50 70 32
6821 31 20 50 80 18
6848 18 16 50 42 98
6853 44 96 50 40 40
6859 87 39 28 32 84
6866 92 37 66 64 26
6867 64 63 36 48 66
6881 88 77 90 60 32
6891 30 20 50 66 100
6892 91 40 44 86 72
6897 65 40 72 98 80
6901 10 26 40 24 24
6913 34 64 58 60 48
6916 61 56 36 94 88
6920 95 51 10 40 46
6924 74 25 12 18 16
6926 39 94 50 66 42
6929 46 84 68 68 66
6933 19 73 86 84 22
6937 47 88 20 30 82
6945 12 89 48 20 16
6955 45 56 78 44 12
6972 44 10 20 84 32
6973 42 38 30 58 96
6982 32 14 44 72 10
6985 55 26 68 54 94
6994 100 13 44 36 78
7013 30 27 58 72 60
7025 27 32 56 80 14
7028 89 36 94 30 48
7039 37 97 20 70 30
7043 37 50 14 56 24
7046 75 30 66 100 100
7050 43 80 90 14 48
7054 18 92 76 98 32
7064 12 91 42 38 36
7070 78 41 58 42 26
7073 52 81 84 72 68
7109 38 30 36 50 78
7112 71 43 46 22 92
7122 91 61 62 78 64
7130 53 86 40 82 48
7131 44 58 20 84 54
7154 46 22 88 36 68
7161 19 49 14 34 38
7167 18 56 38 82 86
7175 56 100 28 28 20
7176 32 33 72 64 68
7177 68 89 64 42 62
7180 37 85 80 36 58
7182 20 15 80 78 18
7187 15 92 18 54 84
7197 60 11 96 40 20
7202 86 94 62 68 34
7209 50 13 34 94 74
7210 21 52 90 74 46
7218 17 23 16 82 76
7219 74 33 16 22 30
7221 28 50 72 68 26
7242 85 11 36 94 88
7246 72 10 40 26 70
7248 27 68 72 100 98
7277 67 72 100 40 14
7279 86 54 24 78 14
7281 96 33 20 70 96
7285 99 88 86 74 100
7299 16 80 92 26 26
7314 18 99 12 60 96
7323 63 53 26 26 26
7342 98 28 98 12 60
7350 89 86 16 80 86
7352 10 70 68 24 56
7353 70 96 52 92 92
7360 60 11 74 68 52
7362 18 79 94 88 78
7368 28 99 12 16 10
7370 88 43 10 84 40
7376 89 59 54 94 40
7384 36 98 16 86 70
7388 19 52 72 32 58
7389 51 44 50 80 50
7396 47 55 76 42 12
7416 18 82 68 74 86
7428 55 91 80 42 64
7429 69 35 94 16 16
7447 57 98 96 44 30
7452 98 51 66 26 60
7457 14 60 64 90 68
7464 69 11 60 22 22
7474 28 77 74 88 44
7482 33 76 66 12 46
7505 18 60 34 94 60
7506 52 18 96 42 14
7512 70 58 32 100 46
7513 41 100 60 34 28
7515 35 25 20 10 10
7526 49 67 94 96 76
7532 97 74 16 86 72
7548 81 13 90 90 10
7552 20 61 38 100 26
7554 100 65 14 68 12
7566 69 53 86 42 42
7570 91 44 70 50 94
7581 86 76 54 84 98
7582 50 90 90 88 10
7597 57 64 20 44 14
7599 69 82 30 96 98
7602 94 17 48 44 36
7621 79 21 84 96 62
7627 52 67 14 48 68
7652 84 85 52 48 50
7671 95 53 88 48 52
7673 35 77 60 88 28
7683 95 84 98 34 56
7695 94 49 50 22 92
7720 40 36 80 10 20
7721 85 10 100 52 54
7723 86 86 56 84 22
7724 32 63 100 38 38
7745 11 90 76 20 98
7750 23 44 32 80 10
7797 54 22 10 30 96
7810 51 81 54 42 36
7825 23 81 72 100 46
7844 72 25 42 98 98
7860 18 16 46 40 60
7882 86 45 76 58 44
7890 10 50 42 100 36
7891 61 53 80 30 98
7893 84 48 78 60 28
7900 64 65 86 98 48
7913 72 36 32 28 80
7920 83 49 40 58 22
7924 47 15 26 20 62
7931 20 64 44 74 94
7933 18 87 64 66 42
7948 83 24 88 22 34
7951 88 32 16 90 42
7953 45 87 60 34 82
7963 95 81 38 70 42
7970 98 78 62 44 10
7975 70 80 50 92 58
7986 26 78 28 20 50
7988 92 42 28 60 42
7991 80 61 18 70 76
7992 45 82 58 14 52
7995 48 13 96 94 80
7999 79 40 36 52 36
8005 60 23 86 44 82
8016 42 37 50 38 86
8017 36 52 34 60 44
8029 27 63 72 98 48
8043 98 14 94 30 14
8047 54 23 86 44 24
8070 35 19 48 74 84
8090 34 61 78 64 42
8107 24 48 42 74 58
8124 50 82 18 44 82
8127 32 91 80 92 40
8128 36 89 98 92 26
8130 70 74 62 62 94
8136 74 38 64 70 32
8142 20 82 10 50 14
8151 40 62 90 18 22
8156 66 66 42 12 40
8157 70 47 30 24 42
8158 60 16 70 20 14
8160 58 21 60 32 42
8164 51 43 60 88 88
8165 51 37 84 46 80
8167 37 70 28 94 10
8183 44 12 24 28 96
8186 38 42 38 12 50
8205 63 46 36 46 90
8211 91 85 80 68 56
8212 77 74 88 44 38
8226 50 17 100 82 54
8228 13 87 52 48 58
8239 84 53 46 10 54
8240 30 35 50 92 40
8241 38 13 18 46 52
8246 18 39 70 18 50
8249 91 67 14 56 44
8250 81 11 84 88 24
8255 15 14 48 72 46
8262 64 45 18 78 36
8264 26 31 32 44 86
8278 97 13 98 18 50
8282 91 93 86 74 62
8296 24 87 80 38 84
8300 27 98 16 60 62
8305 28 56 76 20 76
8307 41 83 46 86 86
8314 53 93 82 72 48
8323 95 74 64 28 84
8329 34 36 70 24 90
8335 25 48 26 50 84
8341 34 12 78 52 72
8345 60 87 28 42 58
8359 20 39 18 28 84
8368 48 89 12 52 76
8375 19 66 18 10 58
8382 58 59 36 10 68
8412 64 34 80 62 48
8432 14 47 82 20 88
8434 19 35 68 72 62
8455 91 86 30 42 72
8462 41 60 80 46 58
8471 52 52 12 82 66
8473 26 24 46 92 76
8487 95 51 82 42 68
8491 59 53 18 24 58
8499 84 11 98 54 66
8500 22 52 54 12 36
8501 18 73 80 68 52
8514 43 33 16 96 80
8515 75 98 12 24 62
8523 76 27 88 54 50
8524 44 75 20 68 48
8525 28 92 32 84 100
8526 33 88 24 90 34
8530 59 68 62 88 46
8538 13 77 36 92 94
8549 15 83 44 86 40
8562 97 20 84 78 98
8572 68 51 80 98 22
8594 24 96 54 42 62
8597 44 10 92 58 100
8608 30 92 84 76 76
8613 21 49 30 80 52
8618 19 11 64 48 42
8639 48 25 66 48 48
8646 96 62 60 24 36
8657 67 43 66 94 22
8659 50 64 70 32 14
8670 35 27 22 80 94
8671 66 41 20 34 74
8693 47 78 84 98 32
8696 42 44 98 38 40
8719 18 26 44 70 66
8729 76 77 70 56 54
8756 92 34 12 76 78
8769 54 84 40 56 100
8783 10 100 74 72 92
8788 59 49 100 14 62
8809 87 16 100 60 42
8811 48 87 82 54 20
8814 79 16 42 52 26
8822 32 61 32 80 56
8831 83 40 56 52 92
8833 89 91 62 48 16
8835 43 62 98 60 66
8840 50 24 36 72 98
8844 88 87 96 14 20
8848 69 52 46 18 10
8863 91 49 96 32 94
8872 33 70 36 94 52
8879 28 20 82 18 28
8880 41 45 68 26 30
8884 80 69 62 100 74
8893 27 80 100 64 10
8896 73 34 14 76 98
8897 23 52 54 16 88
8899 42 62 32 46 96
8911 48 53 62 50 78
8912 15 57 90 16 72
8921 71 29 78 44 64
8928 42 79 68 66 66
8933 61 51 94 10 10
8939 98 78 54 26 12
8947 75 16 32 88 40
8951 44 77 32 86 44
8959 96 16 38 70 92
8976 42 62 32 76 22
8992 91 28 72 64 18
8999 73 60 78 12 94
9003 25 67 70 84 80
9014 79 50 76 56 92
9021 37 91 56 68 100
9023 57 31 70 62 62
9027 43 87 70 26 38
9030 86 68 64 90 72
9065 30 75 86 20 82
9073 29 78 30 68 100
9074 30 65 64 80 40
9075 94 99 56 42 50
9081 37 46 86 22 10
9084 93 88 66 72 64
9090 38 88 24 50 72
9099 74 53 38 68 24
9105 99 24 82 86 86
9122 78 11 44 28 52
9125 45 95 44 92 10
9127 29 16 22 98 22
9146 68 83 42 58 52
9147 78 34 72 72 12
9151 21 64 100 20 56
9154 36 75 32 20 18
9171 57 85 24 66 16
9180 41 46 34 82 42
9183 12 96 66 54 20
9185 59 36 54 64 46
9216 62 56 20 94 10
9223 43 45 54 94 42
9226 27 55 50 94 64
9242 38 28 66 24 12
9244 30 29 46 32 66
9252 47 41 32 88 44
9257 84 35 100 46 18
9269 80 30 36 26 28
9281 42 30 78 48 36
9286 27 31 96 56 24
9292 87 96 16 34 82
9296 39 83 56 44 78
9303 100 85 48 28 76
9306 80 19 74 10 84
9328 73 79 96 74 88
9331 82 36 20 46 50
9332 96 14 42 90 18
9351 86 33 38 16 72
9363 54 32 66 40 36
9364 18 62 30 10 92
9365 59 45 28 96 26
9372 24 17 42 72 16
9376 29 95 76 10 56
9388 26 62 20 20 24
9399 13 18 100 100 92
9406 85 64 60 78 34
9410 54 11 16 90 90
9414 46 52 10 22 66
9418 26 22 46 20 98
9419 31 47 40 28 64
9441 58 25 14 82 64
9449 80 46 50 12 18
9455 36 90 28 40 42
9460 52 55 64 22 44
9481 92 84 96 72 66
9484 79 38 38 30 50
9485 42 14 48 68 56
9502 87 18 10 40 16
9503 35 52 22 46 92
9504 29 83 42 70 34
9508 66 46 74 22 98
9524 29 70 82 56 28
9525 39 78 56 68 18
9540 34 13 100 78 78
9541 60 38 14 30 44
9545 22 94 34 68 80
9560 76 73 48 58 40
9565 92 65 84 20 42
9566 55 42 88 66 88
9571 34 30 100 70 68
9582 76 14 76 92 80
9595 28 44 80 94 24
9600 82 93 44 26 84
9615 20 65 22 78 18
9625 97 62 74 40 60
9629 14 10 16 90 96
9633 72 39 82 98 92
9637 54 39 44 24 36
9659 37 69 66 98 68
9660 14 60 50 26 22
9670 98 11 34 92 76
9672 64 14 40 48 64
9676 60 45 20 14 76
9679 52 92 12 48 100
9682 13 41 28 46 12
9686 24 16 34 62 30
9687 15 30 96 88 68
9695 71 61 88 12 42
9697 46 30 76 48 86
9706 98 44 38 60 78
9708 45 30 66 42 84
9712 63 36 70 100 44
9719 95 82 54 60 38
9726 40 25 70 92 46
9749 31 95 72 76 42
9757 86 70 16 58 12
9765 50 22 26 10 42
9766 88 56 28 58 40
9778 53 14 20 94 36
9779 28 34 72 86 46
9788 20 81 12 78 48
9804 87 38 92 78 94
9812 61 25 64 74 36
9814 92 68 50 72 72
9822 45 65 94 44 56
9826 93 51 14 46 24
9833 79 56 86 16 76
9836 69 49 46 60 20
9837 25 99 40 68 92
9840 64 56 82 50 10
9846 51 93 68 34 100
9852 84 89 74 46 52
9853 12 51 86 68 62
9867 89 94 76 76 68
9870 42 64 16 100 60
9888 81 30 66 18 52
9898 74 78 68 30 56
9899 34 68 64 88 32
9908 82 51 90 68 60
9928 100 78 44 44 50
9935 10 72 46 18 78
9940 95 14 28 32 88
9944 28 26 36 82 88
9952 18 77 100 42 38
9958 29 57 40 30 16
9960 13 28 34 98 68
9963 13 30 18 36 42
9966 29 89 80 38 66
9978 22 51 16 40 56
9982 35 90 94 66 64
9991 36 72 42 14 70
9998 29 11 16 10 14
10006 49 83 20 92 32
10008 79 97 96 26 86
10010 40 83 26 14 94
10019 40 15 100 18 92
10020 35 65 84 12 12
10030 25 95 42 74 44
10047 60 69 44 40 14
10055 23 49 94 42 72
10070 91 38 66 16 86
10094 26 41 68 22 60
10099 74 49 42 18 96
10106 44 92 32 98 96
10113 32 63 60 50 56
10120 17 22 10 44 90
10123 84 74 56 42 24
10135 58 46 46 58 10
10137 14 20 90 78 32
10141 81 88 48 58 66
10148 51 30 12 88 30
10151 24 80 50 10 84
10158 92 86 54 70 14
10166 47 81 80 88 58
10169 54 36 62 66 24
10182 91 95 34 26 72
10187 61 24 74 42 12
10201 47 52 36 88 76
10208 68 60 70 18 88
10209 92 48 24 40 54
10215 61 85 36 76 10
10217 13 43 36 44 98
10220 51 28 20 82 12
10224 86 76 86 16 58
10233 52 67 32 74 84
10235 49 66 56 98 74
10246 94 60 90 74 66
10250 93 70 64 92 64
10267 83 18 98 70 52
10268 100 62 56 28 78
10270 63 71 36 80 46
10271 42 11 64 30 36
10285 59 33 84 96 18
10296 79 18 86 56 16
10300 79 48 32 80 62
10310 80 86 72 26 92
10319 49 31 30 10 10
10321 43 40 92 62 92
10326 87 59 32 16 84
10334 89 66 60 44 52
10336 13 71 30 90 68
10354 10 84 52 24 36
10357 29 49 78 22 16
10362 88 92 10 34 90
10366 16 94 90 94 18
10379 67 68 40 36 100
10410 43 50 72 48 74
10437 49 47 86 20 98
10438 70 73 52 20 14
10446 73 59 32 52 52
10450 95 72 46 30 30
10472 58 30 40 92 48
10511 72 97 74 20 54
10521 73 92 100 18 12
10535 66 12 22 50 82
10536 43 55 50 12 36
10541 15 69 58 40 16
10542 47 16 50 14 88
10543 42 57 40 86 18
10551 59 14 20 30 56
10554 79 28 58 84 36
10555 29 92 56 12 22
10582 27 94 54 40 64
10585 98 72 100 22 44
10587 33 90 28 68 36
10592 20 91 12 76 46
10593 49 47 26 36 84
10595 35 73 88 86 24
10598 54 63 46 58 86
10599 98 83 94 40 94
10603 34 28 80 48 18
10612 65 75 12 20 54
10614 24 66 90 98 82
10615 19 74 22 10 14
10616 13 71 80 70 14
10627 92 30 32 62 92
10631 34 27 60 92 80
10640 25 36 38 62 44
10642 86 11 72 54 54
10643 11 53 24 30 44
10652 92 86 22 40 44
10654 84 28 18 12 94
10655 30 42 92 94 80
10664 76 55 100 84 26
10668 47 47 58 66 86
10675 35 97 50 14 90
10690 95 70 94 30 22
10691 30 11 46 28 32
10695 26 22 92 32 52
10701 27 55 28 32 50
10703 30 65 74 66 78
10704 29 95 26 10 20
10726 36 31 68 32 74
10729 70 69 74 72 64
10732 10 91 28 100 80
10741 87 41 76 48 96
10778 79 84 64 58 32
10784 75 23 54 14 58
10791 100 10 48 28 54
10800 21 60 48 18 66
10808 83 45 44 66 44
10813 65 36 36 58 84
10819 94 40 100 80 72
10824 16 60 78 64 100
10826 23 58 24 16 56
10844 25 50 34 14 98
10850 54 82 72 72 66
10854 97 78 10 86 62
10858 13 23 100 16 76
10862 24 61 74 74 40
10870 80 38 28 34 46
10873 33 15 22 58 74
10877 70 85 34 12 80
10880 40 12 76 44 34
10884 60 43 54 24 16
10931 93 77 62 66 68
10935 11 95 64 16 88
10950 21 85 54 40 38
10954 50 95 40 32 98
10958 32 77 64 92 92
10959 79 35 54 60 100
11015 97 27 44 68 46
11021 98 14 10 88 28
11037 81 60 86 94 18
11040 79 49 96 40 58
11045 63 30 24 88 30
11047 34 17 42 76 44
11058 69 22 32 88 56
11062 62 32 90 68 74
11066 19 12 18 52 54
11067 24 99 44 18 94
11083 56 20 20 20 62
11094 66 100 36 56 22
11097 87 27 88 100 18
11101 41 65 10 66 82
11121 20 62 60 80 78
11133 87 20 56 58 50
11150 16 91 78 100 38
11158 69 31 100 22 12
11171 22 35 80 54 92
11174 34 11 56 62 20
11180 47 83 84 44 84
11185 31 87 14 60 92
11186 67 48 86 10 98
11189 39 23 34 66 64
11190 42 71 72 48 74
11198 43 11 18 58 52
11211 91 58 72 58 94
11222 34 99 84 34 46
11224 91 55 48 86 96
11225 84 66 26 76 68
11235 53 45 38 54 92
11242 34 54 70 12 30
11247 84 22 52 78 90
11253 90 55 72 18 22
11259 56 76 96 44 94
11265 91 10 80 48 72
11271 95 90 44 96 10
11272 98 17 70 62 82
11274 17 83 94 50 58
11302 14 91 96 100 94
11307 28 10 72 20 92
11314 66 61 78 48 24
11315 18 35 16 22 38
11324 34 96 46 90 94
11329 29 78 18 22 10
11337 94 31 88 64 34
11339 68 86 36 12 78
11343 85 26 26 74 18
11344 40 19 56 82 48
11346 21 64 28 24 86
11352 30 79 12 94 42
11355 64 86 70 44 74
11356 36 15 100 28 32
11360 51 85 30 68 76
11362 93 37 32 14 32
11412 27 21 82 70 62
11427 59 63 58 66 78
11434 86 47 12 46 62
11437 95 61 88 10 10
11444 79 98 100 92 98
11449 44 97 54 64 86
11453 46 18 88 36 36
11458 48 55 48 58 96
11468 85 74 38 56 86
11492 39 30 16 14 46
11494 14 47 90 66 100
11496 71 91 58 74 60
11498 20 70 84 14 72
11502 47 20 72 70 28
11512 28 65 92 38 12
11515 22 32 76 94 56
11533 19 17 52 92 66
11551 74 48 24 62 98
11556 37 10 80 40 60
11568 54 22 90 14 52
11579 93 62 14 42 76
11585 92 93 46 26 54
11590 90 89 66 46 94
11592 49 98 56 86 22
11599 68 44 38 38 66
11639 20 33 40 44 62
11646 40 11 84 50 70
11655 49 16 32 56 46
11684 20 46 90 70 48
11686 92 52 52 54 86
11687 35 29 84 36 26
11708 56 30 72 62 30
11711 82 15 54 56 66
11713 70 80 80 54 12
11716 32 58 80 20 64
11717 46 76 36 16 76
11726 56 76 90 92 30
11741 14 70 66 80 28
11742 64 36 58 32 18
11747 42 77 90 58 38
11751 87 38 48 94 24
11757 16 85 12 64 24
11769 18 10 54 96 84
11778 13 83 54 100 32
11792 32 41 100 34 76
11794 67 10 84 40 34
11801 38 95 54 50 18
11813 90 50 22 84 28
11817 17 56 78 24 48
11819 100 67 48 82 36
11858 17 37 82 78 66
11868 34 37 58 30 56
11871 70 15 82 26 70
11880 54 72 100 54 20
11881 59 74 96 84 98
11883 25 74 36 24 82
11891 66 66 90 30 68
11892 90 44 68 44 46
11899 91 93 46 36 38
11905 46 67 40 64 84
11914 97 77 40 24 12
11937 36 54 80 66 52
11948 85 24 32 10 94
11952 100 28 38 82 54
11954 97 51 82 18 34
11976 85 25 58 42 62
12018 83 67 12 58 72
12024 51 60 58 48 82
12037 17 24 30 82 36
12041 76 76 74 50 66
12053 10 66 40 82 80
12063 71 65 62 76 92
12068 10 37 64 26 46
12100 50 90 82 42 12
12110 36 50 66 60 94
12121 97 56 82 94 98
12137 40 89 40 76 52
12145 34 71 20 88 52
12148 98 91 32 52 72
12174 52 14 44 84 18
12178 26 59 46 46 76
12184 18 96 52 20 42
12185 40 52 68 80 94
12186 71 24 72 82 32
12207 55 68 100 40 86
12238 43 86 26 64 92
12239 91 72 98 42 76
12244 50 76 80 14 32
12250 11 36 46 82 68
12261 71 55 62 48 52
12265 97 20 34 12 44
12270 60 42 18 82 48
12273 29 47 22 84 18
12294 16 39 62 98 82
12301 58 26 48 14 30
12316 85 63 88 40 12
12319 98 31 88 96 52
12323 86 43 52 84 56
12325 50 77 56 68 52
12327 88 46 74 24 58
12337 58 92 60 74 22
12372 80 17 88 76 90
12387 60 12 26 30 50
12388 13 38 82 16 84
12395 75 20 54 16 100
12397 41 14 84 14 68
12405 95 72 22 28 100
12407 48 37 88 66 12
12418 32 80 30 18 76
12421 31 26 94 22 26
12427 21 81 12 48 34
12434 29 31 14 36 86
12443 32 99 26 42 26
12459 77 88 100 60 12
12468 69 37 58 72 98
12478 61 69 72 12 64
12483 94 73 72 96 44
12542 69 39 56 74 50
12571 51 29 84 26 72
12581 13 59 14 30 64
12592 42 72 44 54 16
12594 33 18 18 24 14
12605 87 32 70 30 74
12619 15 31 40 90 94
12656 80 63 84 98 32
12657 33 25 52 36 32
12671 47 20 82 50 96
12673 83 19 96 68 62
12691 43 72 14 68 18
12696 21 74 62 20 48
12698 50 80 52 48 72
12700 91 50 28 32 30
12710 77 80 50 66 90
12715 57 26 42 18 68
12726 61 28 72 32 38
12733 70 14 58 16 50
12744 71 55 82 24 24
12748 58 85 68 20 18
12755 76 98 18 88 66
12764 100 12 20 18 68
12768 41 24 38 86 48
12769 38 23 94 48 64
12771 77 15 22 30 24
12775 93 18 40 82 66
12788 58 73 52 30 68
12789 37 83 74 62 86
12792 100 79 72 48 74
12794 29 75 66 90 74
12796 10 37 72 80 18
12804 77 48 26 30 78
12806 80 87 32 44 24
12808 90 98 26 98 42
12815 10 32 54 36 40
12817 50 68 16 84 58
12825 21 69 12 88 46
12834 80 51 84 74 62
12843 84 71 74 46 84
12847 82 84 74 20 72
12856 39 63 42 22 88
12861 67 15 58 14 54
12865 65 25 98 86 80
12884 50 65 92 74 64
12900 19 28 24 52 28
12902 38 84 78 46 46
12914 84 85 74 54 40
12923 35 44 94 84 74
12932 97 54 26 34 84
12938 64 75 40 94 30
12974 20 100 82 32 96
12986 53 99 52 28 36
12992 50 79 30 78 30
12998 60 97 82 88 24
13007 99 78 40 16 82
13018 65 41 14 20 22
13026 83 68 64 74 66
13027 89 51 28 18 86
13032 27 63 80 86 60
13033 34 88 54 74 82
13034 22 87 42 20 78
13040 43 58 94 86 20
13043 99 40 52 52 14
13053 35 33 48 64 74
13073 91 63 24 96 60
13089 62 99 54 66 30
13096 71 91 34 34 60
13098 70 58 64 38 52
13101 80 18 36 60 52
13117 77 53 58 58 82
13120 60 15 12 80 86
13137 89 95 82 16 88
13142 95 54 22 74 84
13143 13 61 38 80 58
13152 25 92 48 30 46
13170 36 53 72 78 40
13175 75 57 34 54 84
13176 64 77 30 96 88
13182 78 65 84 24 24
13185 98 34 56 18 72
13189 57 28 62 28 26
13192 74 63 50 52 90
13194 74 55 42 80 42
13200 20 23 90 28 30
13211 62 31 24 86 76
13215 35 85 38 72 10
13226 56 61 10 50 18
13240 12 20 54 48 14
13251 78 81 32 46 90
13254 81 93 26 22 92
13255 90 70 36 90 74
13265 61 93 42 38 78
13271 50 56 82 62 96
13272 91 30 96 30 32
13276 87 69 32 70 88
13287 43 95 68 22 58
13293 80 44 68 74 98
13300 20 29 10 68 42
13310 66 12 96 92 86
13314 87 28 48 96 42
13315 15 24 40 70 70
13322 55 68 88 92 72
13323 23 90 70 10 22
13327 80 58 82 52 94
13332 70 35 10 36 28
13338 22 76 86 32 90
13339 25 38 36 72 76
13358 59 23 50 66 30
13359 80 29 56 46 58
13386 55 94 58 18 72
13395 88 33 84 76 90
13403 78 24 62 64 100
13426 68 31 76 14 76
13435 35 81 38 48 72
13441 21 89 32 52 40
13443 51 35 18 58 44
13445 35 83 36 40 54
13449 45 95 20 22 18
13450 26 69 40 90 98
13466 13 68 92 30 66
13470 38 72 20 62 22
13479 67 72 18 12 42
13481 53 98 94 42 80
13494 31 31 16 80 18
13524 38 68 54 26 30
13529 85 30 64 84 82
13550 79 71 74 22 12
13553 53 40 86 98 36
13554 16 89 66 82 62
13555 94 92 68 14 68
13564 34 98 18 46 54
13569 31 32 100 32 42
13591 69 34 76 64 18
13607 81 19 26 40 20
13608 34 17 26 86 78
13624 30 90 74 86 26
13640 82 25 92 48 98
13641 12 14 34 82 78
13654 73 34 50 16 28
13657 11 86 26 82 86
13678 50 65 64 90 92
13689 13 56 78 92 82
13693 80 12 94 74 44
13698 27 98 90 12 32
13711 71 63 28 30 40
13712 81 39 14 14 72
13719 31 76 60 96 84
13728 96 71 12 70 54
13733 56 59 48 42 96
13739 33 26 32 52 56
13764 62 56 52 90 68
13768 27 48 70 10 78
13769 96 62 52 68 80
13774 12 25 42 26 20
13784 49 57 60 98 26
13785 86 37 84 10 40
13799 21 14 96 36 28
13803 62 14 66 74 96
13804 14 46 10 38 96
13807 26 82 54 50 50
13812 74 61 22 42 42
13826 67 21 26 34 44
13834 68 67 92 74 78
13848 17 73 90 30 70
13864 54 71 34 58 92
13878 86 35 22 60 86
13898 77 34 22 66 10
13902 71 82 88 18 76
13903 97 72 30 16 12
13906 25 53 62 90 14
13914 74 26 12 26 80
13915 40 88 46 28 14
13937 31 87 50 64 68
13943 70 24 48 80 88
13956 44 61 84 70 32
13963 99 83 90 22 26
13964 61 52 16 90 44
13969 97 35 14 78 52
14001 25 72 34 82 32
14005 52 66 38 56 36
14027 41 35 48 80 52
14028 81 98 18 54 66
14053 67 63 46 56 14
14054 35 75 70 36 76
14055 57 11 12 52 52
14061 31 24 62 42 24
14062 55 64 34 16 42
14108 39 86 16 34 68
14139 64 61 72 86 22
14140 36 37 92 56 50
14154 18 25 28 36 20
14161 21 23 28 90 100
14169 39 17 32 62 92
14172 72 73 90 98 92
14174 72 17 70 16 56
14188 18 10 24 66 98
14199 36 90 60 92 50
14211 63 12 10 52 38
14213 39 17 18 46 100
14217 53 74 28 28 78
14222 41 38 50 54 92
14237 56 28 28 30 36
14241 62 74 48 52 100
14262 51 52 78 36 54
14274 45 32 18 16 82
14276 22 77 94 22 94
14280 57 97 76 34 88
14291 78 42 50 34 76
14298 18 53 76 28 48
14306 34 70 98 26 94
14309 90 98 70 58 12
14315 67 67 36 88 84
14331 42 84 10 56 20
14333 79 46 94 64 38
14340 41 40 84 84 14
14351 62 35 48 44 70
14357 17 70 98 34 18
14358 45 22 64 100 30
14362 90 43 10 74 18
14380 30 85 44 50 18
14385 70 55 96 26 52
14386 25 67 48 92 54
14402 51 65 84 58 56
14415 20 65 70 44 90
14417 96 56 76 26 52
14422 43 12 10 70 38
14423 50 88 14 68 46
14430 33 99 52 52 84
14437 88 45 74 96 76
14438 88 65 20 14 14
14440 47 98 64 20 86
14441 52 39 88 98 84
14443 61 64 26 100 10
14446 22 84 10 76 10
14451 38 75 70 76 20
14464 24 69 84 10 14
14470 76 67 98 90 48
14472 75 79 90 34 12
14473 18 59 24 100 68
14492 48 46 78 52 44
14503 11 100 66 82 32
14512 57 71 32 74 66
14517 57 25 98 52 80
14523 71 35 44 62 86
14536 11 96 26 10 92
14538 11 32 70 98 64
14550 98 10 60 96 74
14568 100 62 90 78 34
14582 89 39 40 84 46
14590 87 15 84 24 30
14591 41 77 10 38 72
14593 73 75 40 36 98
14606 93 45 100 92 98
14616 39 88 10 84 24
14620 78 91 90 14 34
14622 96 70 46 74 20
14624 95 87 54 30 20
14637 40 78 74 50 54
14649 23 74 14 72 100
14664 60 14 28 10 76
14665 42 58 34 54 38
14666 50 53 14 10 18
14667 64 55 100 90 100
14669 35 32 82 100 80
14673 21 19 36 10 70
14693 18 90 72 36 36
14697 54 37 78 54 90
14715 91 47 70 20 52
14720 14 77 96 48 34
14722 84 41 20 70 80
14723 21 29 86 80 22
14731 19 53 54 50 28
14757 40 96 36 44 18
14760 91 41 60 24 70
14768 25 75 16 86 14
14796 96 71 16 90 88
14807 38 32 30 12 12
14817 47 63 62 64 34
14824 34 27 86 38 94
14828 72 84 56 84 56
14834 73 62 36 86 32
14842 68 19 26 42 30
14849 91 39 98 30 34
14850 98 17 46 76 48
14855 97 95 60 72 82
14859 89 15 36 86 86
14867 66 56 48 60 88
14871 18 96 18 22 84
14876 22 74 70 34 80
14883 55 24 46 72 84
14885 14 87 98 42 74
14889 46 97 94 86 94
14896 59 75 18 96 38
14901 15 67 96 16 38
14906 27 35 92 28 24
14930 67 98 46 56 96
14937 44 27 10 88 82
14941 49 24 32 66 98
14968 54 89 90 62 94
14983 45 49 58 36 68
15000 76 10 96 44 98
15017 77 60 100 66 56
15020 10 86 60 16 34
15023 27 19 78 84 98
15025 31 86 58 74 24
15028 92 91 78 88 66
15030 21 28 22 82 44
15033 99 53 22 32 100
15037 36 57 42 14 18
15038 14 24 72 84 16
15041 97 16 68 96 58
15058 82 26 74 32 70
15062 60 23 10 36 48
15071 56 39 96 42 68
15074 50 52 86 10 12
15082 68 82 98 74 76
15086 56 65 64 98 34
15102 69 12 96 72 28
15118 59 38 60 32 90
15119 13 58 54 68 34
15121 24 88 46 66 54
15125 93 80 68 28 88
15128 62 35 54 24 12
15137 32 44 76 88 86
15147 46 51 62 28 88
15150 88 10 40 74 58
15152 93 24 56 76 50
15159 56 97 60 80 60
15164 91 61 46 76 46
15168 36 19 58 36 26
15172 92 24 28 92 56
15178 53 97 92 50 76
15191 55 47 56 16 98
15214 75 96 68 90 64
15218 54 52 82 30 96
15237 66 21 12 18 82
15242 93 19 26 80 58
15257 41 36 32 14 36
15260 51 88 96 40 60
15263 46 30 26 82 32
15288 71 74 66 92 56
15289 11 11 90 22 68
15296 79 34 68 24 48
15301 81 84 92 22 64
15302 85 63 66 88 22
15311 75 36 100 40 30
15313 49 18 16 56 10
15316 59 93 32 72 10
15336 58 74 38 22 82
15337 37 97 92 82 22
15348 85 86 24 92 54
15358 83 91 24 16 100
15363 61 57 70 74 46
15366 39 41 86 30 82
15380 31 74 100 44 60
15398 54 73 28 78 38
15399 86 66 20 40 14
15403 24 100 96 92 96
15407 73 20 60 18 94
15422 96 19 40 54 82
15427 63 70 72 52 92
15431 52 67 84 56 70
15432 57 76 24 36 28
15449 34 46 90 20 40
15461 17 78 28 78 20
15466 13 16 66 92 28
15469 93 17 82 30 28
15479 42 99 10 50 56
15496 80 87 56 40 78
15498 45 72 38 50 14
15506 12 44 66 42 34
15509 21 45 94 24 88
15530 59 17 40 10 10
15535 33 40 50 90 66
15539 99 30 62 64 12
15543 53 55 96 74 62
15557 84 30 74 70 12
15560 79 64 64 82 74
15562 28 62 92 28 86
15572 88 65 74 50 60
15575 66 68 10 86 36
15576 70 75 62 74 84
15577 59 59 92 40 100
15580 43 53 38 90 32
15594 91 19 90 92 18
15597 87 91 80 28 36
15623 69 70 76 94 72
15627 25 100 14 42 58
15638 29 39 86 92 68
15643 38 88 78 80 26
15645 55 42 52 76 82
15663 100 78 58 30 38
15668 83 11 30 78 80
15677 50 27 38 58 50
15698 18 64 100 92 52
15699 74 46 96 24 44
15703 10 51 16 42 50
15704 63 45 58 60 88
15708 74 30 32 68 98
15714 39 99 100 98 10
15730 98 47 18 62 60
15732 41 78 66 22 28
15734 96 78 100 82 24
15735 26 73 98 58 18
15746 72 63 88 78 70
15793 93 77 66 70 40
15797 41 59 40 20 84
15806 20 30 42 28 92
15816 76 45 52 86 30
15824 10 15 74 68 56
15835 46 96 22 12 52
15837 69 59 32 22 30
15848 59 67 60 54 46
15855 33 40 32 40 60
15856 91 67 98 12 88
15883 42 51 90 42 12
15884 42 16 88 84 60
15911 43 83 66 92 82
15914 53 58 82 66 56
15935 14 18 96 84 46
15942 48 60 10 94 36
15948 88 13 72 60 40
15953 97 82 66 82 76
15967 72 35 14 100 24
15970 86 26 62 26 98
15975 16 41 18 68 56
15977 76 97 38 86 40
15978 11 41 30 94 52
15980 13 93 70 52 40
15982 92 58 78 32 90
15987 99 69 20 68 62
15990 10 78 88 82 34
15996 73 85 42 12 74
15999 94 26 26 16 32
